8192
7791
6627
4815
2531
0
-2531
-4815
-6627
-7791
-8192
-7791
-6627
-4815
-2531
0
2531
4815
6627
7791
8192
7791
6627
4815
2531
0
-2531
-4815
-6627
-7791
-8192
-7791
-6627
-4815
-2531
0
2531
4815
6627
7791
8192
7791
6627
4815
2531
0
-2531
-4815
-6627
-7791
-8192
-7791
-6627
-4815
-2531
0
2531
4815
6627
7791
8192
7791
6627
4815
2531
0
-2531
-4815
-6627
-7791
-8192
-7791
-6627
-4815
-2531
0
2531
4815
6627
7791
8192
7791
6627
4815
2531
0
-2531
-4815
-6627
-7791
-8192
-7791
-6627
-4815
-2531
0
2531
4815
6627
7791
8192
7791
6627
4815
2531
0
-2531
-4815
-6627
-7791
-8192
-7791
-6627
-4815
-2531
0
2531
4815
6627
7791
8192
7791
6627
4815
2531
0
-2531
-4815
-6627
-7791
-8192
-7791
-6627
-4815
-2531
0
2531
4815
6627
7791
8192
7791
6627
4815
2531
0
-2531
-4815
-6627
-7791
-8192
-7791
-6627
-4815
-2531
0
2531
4815
6627
7791
8192
7791
6627
4815
2531
0
-2531
-4815
-6627
-7791
-8192
-7791
-6627
-4815
-2531
0
2531
4815
6627
7791
8192
7791
6627
4815
2531
0
-2531
-4815
-6627
-7791
-8192
-7791
-6627
-4815
-2531
0
2531
4815
6627
7791
