0                   000000000000000000000
328                   000000000000101001000
4915                   000000001001100110011
10817                   000000010101001000001
13291                   000000011001111101011
10649                   000000010100110011001
5177                   000000001010000111001
0                   000000000000000000000
-5180                   111111110101111000100
-9851                   111111101100110000101
-13560                   111111100101100001000
-15940                   111111100000110111100
-16760                   111111011111010001000
-15940                   111111100000110111100
-13560                   111111100101100001000
-9851                   111111101100110000101
-5180                   111111110101111000100
0                   000000000000000000000
5177                   000000001010000111001
9847                   000000010011001110111
13556                   000000011010011110100
15936                   000000011111001000000
16757                   000000100000101110101
15936                   000000011111001000000
13556                   000000011010011110100
9847                   000000010011001110111
5177                   000000001010000111001
0                   000000000000000000000
-5180                   111111110101111000100
-9851                   111111101100110000101
-13560                   111111100101100001000
-15940                   111111100000110111100
-16760                   111111011111010001000
-15940                   111111100000110111100
-13560                   111111100101100001000
-9851                   111111101100110000101
-5180                   111111110101111000100
0                   000000000000000000000
5177                   000000001010000111001
9847                   000000010011001110111
13556                   000000011010011110100
15936                   000000011111001000000
16757                   000000100000101110101
15936                   000000011111001000000
13556                   000000011010011110100
9847                   000000010011001110111
5177                   000000001010000111001
0                   000000000000000000000
-5180                   111111110101111000100
-9851                   111111101100110000101
-13560                   111111100101100001000
-15940                   111111100000110111100
-16760                   111111011111010001000
-15940                   111111100000110111100
-13560                   111111100101100001000
-9851                   111111101100110000101
-5180                   111111110101111000100
0                   000000000000000000000
5177                   000000001010000111001
9847                   000000010011001110111
13556                   000000011010011110100
15936                   000000011111001000000
16757                   000000100000101110101
15936                   000000011111001000000
13556                   000000011010011110100
9847                   000000010011001110111
5177                   000000001010000111001
0                   000000000000000000000
-5180                   111111110101111000100
-9851                   111111101100110000101
-13560                   111111100101100001000
-15940                   111111100000110111100
-16760                   111111011111010001000
-15940                   111111100000110111100
-13560                   111111100101100001000
-9851                   111111101100110000101
-5180                   111111110101111000100
0                   000000000000000000000
5177                   000000001010000111001
9847                   000000010011001110111
13556                   000000011010011110100
15936                   000000011111001000000
16757                   000000100000101110101
15936                   000000011111001000000
13556                   000000011010011110100
9847                   000000010011001110111
5177                   000000001010000111001
0                   000000000000000000000
-5180                   111111110101111000100
-9851                   111111101100110000101
-13560                   111111100101100001000
-15940                   111111100000110111100
-16760                   111111011111010001000
-15940                   111111100000110111100
-13560                   111111100101100001000
-9851                   111111101100110000101
-5180                   111111110101111000100
0                   000000000000000000000
5177                   000000001010000111001
9847                   000000010011001110111
13556                   000000011010011110100
15936                   000000011111001000000
16757                   000000100000101110101
15936                   000000011111001000000
13556                   000000011010011110100
9847                   000000010011001110111
5177                   000000001010000111001
0                   000000000000000000000
-5180                   111111110101111000100
-9851                   111111101100110000101
-13560                   111111100101100001000
-15940                   111111100000110111100
-16760                   111111011111010001000
-15940                   111111100000110111100
-13560                   111111100101100001000
-9851                   111111101100110000101
-5180                   111111110101111000100
0                   000000000000000000000
5177                   000000001010000111001
9847                   000000010011001110111
13556                   000000011010011110100
15936                   000000011111001000000
16757                   000000100000101110101
15936                   000000011111001000000
13556                   000000011010011110100
9847                   000000010011001110111
5177                   000000001010000111001
0                   000000000000000000000
-5180                   111111110101111000100
-9851                   111111101100110000101
-13560                   111111100101100001000
-15940                   111111100000110111100
-16760                   111111011111010001000
-15940                   111111100000110111100
-13560                   111111100101100001000
-9851                   111111101100110000101
-5180                   111111110101111000100
0                   000000000000000000000
5177                   000000001010000111001
9847                   000000010011001110111
13556                   000000011010011110100
15936                   000000011111001000000
16757                   000000100000101110101
15936                   000000011111001000000
13556                   000000011010011110100
9847                   000000010011001110111
5177                   000000001010000111001
0                   000000000000000000000
-5180                   111111110101111000100
-9851                   111111101100110000101
-13560                   111111100101100001000
-15940                   111111100000110111100
-16760                   111111011111010001000
-15940                   111111100000110111100
-13560                   111111100101100001000
-9851                   111111101100110000101
-5180                   111111110101111000100
0                   000000000000000000000
5177                   000000001010000111001
9847                   000000010011001110111
13556                   000000011010011110100
15936                   000000011111001000000
16757                   000000100000101110101
15936                   000000011111001000000
13556                   000000011010011110100
9847                   000000010011001110111
5177                   000000001010000111001
0                   000000000000000000000
-5180                   111111110101111000100
-9851                   111111101100110000101
-13560                   111111100101100001000
-15940                   111111100000110111100
-16760                   111111011111010001000
-15940                   111111100000110111100
-13560                   111111100101100001000
-9851                   111111101100110000101
-5180                   111111110101111000100
0                   000000000000000000000
5177                   000000001010000111001
9847                   000000010011001110111
13556                   000000011010011110100
15936                   000000011111001000000
16757                   000000100000101110101
15936                   000000011111001000000
13556                   000000011010011110100
9847                   000000010011001110111
5177                   000000001010000111001
0                   000000000000000000000
-5180                   111111110101111000100
-9851                   111111101100110000101
-13560                   111111100101100001000
-15940                   111111100000110111100
-16760                   111111011111010001000
-15940                   111111100000110111100
-13560                   111111100101100001000
-9851                   111111101100110000101
-5180                   111111110101111000100
0                   000000000000000000000
5177                   000000001010000111001
