0                   000000000000000000000
329                   000000000000101001001
4918                   000000001001100110110
10817                   000000010101001000001
13292                   000000011001111101100
10653                   000000010100110011101
5178                   000000001010000111010
0                   000000000000000000000
-5178                   111111110101111000110
-9851                   111111101100110000101
-13557                   111111100101100001011
-15938                   111111100000110111110
-16758                   111111011111010001010
-15938                   111111100000110111110
-13557                   111111100101100001011
-9851                   111111101100110000101
-5178                   111111110101111000110
0                   000000000000000000000
5178                   000000001010000111010
9851                   000000010011001111011
13557                   000000011010011110101
15938                   000000011111001000010
16758                   000000100000101110110
15938                   000000011111001000010
13557                   000000011010011110101
9851                   000000010011001111011
5178                   000000001010000111010
0                   000000000000000000000
-5178                   111111110101111000110
-9851                   111111101100110000101
-13557                   111111100101100001011
-15938                   111111100000110111110
-16758                   111111011111010001010
-15938                   111111100000110111110
-13557                   111111100101100001011
-9851                   111111101100110000101
-5178                   111111110101111000110
0                   000000000000000000000
5178                   000000001010000111010
9851                   000000010011001111011
13557                   000000011010011110101
15938                   000000011111001000010
16758                   000000100000101110110
15938                   000000011111001000010
13557                   000000011010011110101
9851                   000000010011001111011
5178                   000000001010000111010
0                   000000000000000000000
-5178                   111111110101111000110
-9851                   111111101100110000101
-13557                   111111100101100001011
-15938                   111111100000110111110
-16758                   111111011111010001010
-15938                   111111100000110111110
-13557                   111111100101100001011
-9851                   111111101100110000101
-5178                   111111110101111000110
0                   000000000000000000000
5178                   000000001010000111010
9851                   000000010011001111011
13557                   000000011010011110101
15938                   000000011111001000010
16758                   000000100000101110110
15938                   000000011111001000010
13557                   000000011010011110101
9851                   000000010011001111011
5178                   000000001010000111010
0                   000000000000000000000
-5178                   111111110101111000110
-9851                   111111101100110000101
-13557                   111111100101100001011
-15938                   111111100000110111110
-16758                   111111011111010001010
-15938                   111111100000110111110
-13557                   111111100101100001011
-9851                   111111101100110000101
-5178                   111111110101111000110
0                   000000000000000000000
5178                   000000001010000111010
9851                   000000010011001111011
13557                   000000011010011110101
15938                   000000011111001000010
16758                   000000100000101110110
15938                   000000011111001000010
13557                   000000011010011110101
9851                   000000010011001111011
5178                   000000001010000111010
0                   000000000000000000000
-5178                   111111110101111000110
-9851                   111111101100110000101
-13557                   111111100101100001011
-15938                   111111100000110111110
-16758                   111111011111010001010
-15938                   111111100000110111110
-13557                   111111100101100001011
-9851                   111111101100110000101
-5178                   111111110101111000110
0                   000000000000000000000
5178                   000000001010000111010
9851                   000000010011001111011
13557                   000000011010011110101
15938                   000000011111001000010
16758                   000000100000101110110
15938                   000000011111001000010
13557                   000000011010011110101
9851                   000000010011001111011
5178                   000000001010000111010
0                   000000000000000000000
-5178                   111111110101111000110
-9851                   111111101100110000101
-13557                   111111100101100001011
-15938                   111111100000110111110
-16758                   111111011111010001010
-15938                   111111100000110111110
-13557                   111111100101100001011
-9851                   111111101100110000101
-5178                   111111110101111000110
0                   000000000000000000000
5178                   000000001010000111010
9851                   000000010011001111011
13557                   000000011010011110101
15938                   000000011111001000010
16758                   000000100000101110110
15938                   000000011111001000010
13557                   000000011010011110101
9851                   000000010011001111011
5178                   000000001010000111010
0                   000000000000000000000
-5178                   111111110101111000110
-9851                   111111101100110000101
-13557                   111111100101100001011
-15938                   111111100000110111110
-16758                   111111011111010001010
-15938                   111111100000110111110
-13557                   111111100101100001011
-9851                   111111101100110000101
-5178                   111111110101111000110
0                   000000000000000000000
5178                   000000001010000111010
9851                   000000010011001111011
13557                   000000011010011110101
15938                   000000011111001000010
16758                   000000100000101110110
15938                   000000011111001000010
13557                   000000011010011110101
9851                   000000010011001111011
5178                   000000001010000111010
0                   000000000000000000000
-5178                   111111110101111000110
-9851                   111111101100110000101
-13557                   111111100101100001011
-15938                   111111100000110111110
-16758                   111111011111010001010
-15938                   111111100000110111110
-13557                   111111100101100001011
-9851                   111111101100110000101
-5178                   111111110101111000110
0                   000000000000000000000
5178                   000000001010000111010
9851                   000000010011001111011
13557                   000000011010011110101
15938                   000000011111001000010
16758                   000000100000101110110
15938                   000000011111001000010
13557                   000000011010011110101
9851                   000000010011001111011
5178                   000000001010000111010
0                   000000000000000000000
-5178                   111111110101111000110
-9851                   111111101100110000101
-13557                   111111100101100001011
-15938                   111111100000110111110
-16758                   111111011111010001010
-15938                   111111100000110111110
-13557                   111111100101100001011
-9851                   111111101100110000101
-5178                   111111110101111000110
0                   000000000000000000000
5178                   000000001010000111010
9851                   000000010011001111011
13557                   000000011010011110101
15938                   000000011111001000010
16758                   000000100000101110110
15938                   000000011111001000010
13557                   000000011010011110101
9851                   000000010011001111011
5178                   000000001010000111010
0                   000000000000000000000
-5178                   111111110101111000110
-9851                   111111101100110000101
-13557                   111111100101100001011
-15938                   111111100000110111110
-16758                   111111011111010001010
-15938                   111111100000110111110
-13557                   111111100101100001011
-9851                   111111101100110000101
-5178                   111111110101111000110
0                   000000000000000000000
5178                   000000001010000111010
