0                   000000000000000000000
-1080                   111111111101111001000
-3808                   111111111000100100000
-3157                   111111111001110101011
-1892                   111111111100010011100
586                   000000000001001001010
554                   000000000001000101010
-692                   111111111110101001100
554                   000000000001000101010
-216                   111111111111100101000
-216                   111111111111100101000
554                   000000000001000101010
-692                   111111111110101001100
554                   000000000001000101010
-216                   111111111111100101000
-216                   111111111111100101000
554                   000000000001000101010
-692                   111111111110101001100
554                   000000000001000101010
-216                   111111111111100101000
-216                   111111111111100101000
554                   000000000001000101010
-692                   111111111110101001100
554                   000000000001000101010
-216                   111111111111100101000
-216                   111111111111100101000
554                   000000000001000101010
-692                   111111111110101001100
554                   000000000001000101010
-216                   111111111111100101000
-216                   111111111111100101000
554                   000000000001000101010
-692                   111111111110101001100
554                   000000000001000101010
-216                   111111111111100101000
-216                   111111111111100101000
554                   000000000001000101010
-692                   111111111110101001100
554                   000000000001000101010
-216                   111111111111100101000
-216                   111111111111100101000
554                   000000000001000101010
-692                   111111111110101001100
554                   000000000001000101010
-216                   111111111111100101000
-216                   111111111111100101000
554                   000000000001000101010
-692                   111111111110101001100
554                   000000000001000101010
-216                   111111111111100101000
-216                   111111111111100101000
554                   000000000001000101010
-692                   111111111110101001100
554                   000000000001000101010
-216                   111111111111100101000
-216                   111111111111100101000
554                   000000000001000101010
-692                   111111111110101001100
554                   000000000001000101010
-216                   111111111111100101000
-216                   111111111111100101000
554                   000000000001000101010
-692                   111111111110101001100
554                   000000000001000101010
-216                   111111111111100101000
-216                   111111111111100101000
554                   000000000001000101010
-692                   111111111110101001100
554                   000000000001000101010
-216                   111111111111100101000
-216                   111111111111100101000
554                   000000000001000101010
-692                   111111111110101001100
554                   000000000001000101010
-216                   111111111111100101000
-216                   111111111111100101000
554                   000000000001000101010
-692                   111111111110101001100
554                   000000000001000101010
-216                   111111111111100101000
-216                   111111111111100101000
554                   000000000001000101010
-692                   111111111110101001100
554                   000000000001000101010
-216                   111111111111100101000
-216                   111111111111100101000
554                   000000000001000101010
-692                   111111111110101001100
554                   000000000001000101010
-216                   111111111111100101000
-216                   111111111111100101000
554                   000000000001000101010
-692                   111111111110101001100
554                   000000000001000101010
-216                   111111111111100101000
-216                   111111111111100101000
554                   000000000001000101010
-692                   111111111110101001100
554                   000000000001000101010
-216                   111111111111100101000
-216                   111111111111100101000
554                   000000000001000101010
-692                   111111111110101001100
554                   000000000001000101010
-216                   111111111111100101000
-216                   111111111111100101000
554                   000000000001000101010
-692                   111111111110101001100
554                   000000000001000101010
-216                   111111111111100101000
-216                   111111111111100101000
554                   000000000001000101010
-692                   111111111110101001100
554                   000000000001000101010
-216                   111111111111100101000
-216                   111111111111100101000
554                   000000000001000101010
-692                   111111111110101001100
554                   000000000001000101010
-216                   111111111111100101000
-216                   111111111111100101000
554                   000000000001000101010
-692                   111111111110101001100
554                   000000000001000101010
-216                   111111111111100101000
-216                   111111111111100101000
554                   000000000001000101010
-692                   111111111110101001100
554                   000000000001000101010
-216                   111111111111100101000
-216                   111111111111100101000
554                   000000000001000101010
-692                   111111111110101001100
554                   000000000001000101010
-216                   111111111111100101000
-216                   111111111111100101000
554                   000000000001000101010
-692                   111111111110101001100
554                   000000000001000101010
-216                   111111111111100101000
-216                   111111111111100101000
554                   000000000001000101010
-692                   111111111110101001100
554                   000000000001000101010
-216                   111111111111100101000
-216                   111111111111100101000
554                   000000000001000101010
-692                   111111111110101001100
554                   000000000001000101010
-216                   111111111111100101000
-216                   111111111111100101000
554                   000000000001000101010
-692                   111111111110101001100
554                   000000000001000101010
-216                   111111111111100101000
-216                   111111111111100101000
554                   000000000001000101010
-692                   111111111110101001100
554                   000000000001000101010
-216                   111111111111100101000
-216                   111111111111100101000
554                   000000000001000101010
-692                   111111111110101001100
554                   000000000001000101010
-216                   111111111111100101000
-216                   111111111111100101000
554                   000000000001000101010
-692                   111111111110101001100
554                   000000000001000101010
-216                   111111111111100101000
-216                   111111111111100101000
554                   000000000001000101010
-692                   111111111110101001100
554                   000000000001000101010
-216                   111111111111100101000
-216                   111111111111100101000
554                   000000000001000101010
-692                   111111111110101001100
554                   000000000001000101010
-216                   111111111111100101000
-216                   111111111111100101000
554                   000000000001000101010
-692                   111111111110101001100
554                   000000000001000101010
-216                   111111111111100101000
-216                   111111111111100101000
554                   000000000001000101010
-692                   111111111110101001100
554                   000000000001000101010
-216                   111111111111100101000
-216                   111111111111100101000
554                   000000000001000101010
-692                   111111111110101001100
554                   000000000001000101010
-216                   111111111111100101000
-216                   111111111111100101000
554                   000000000001000101010
-692                   111111111110101001100
554                   000000000001000101010
