0                   000000000000000000000
-1080                   111111111101111001000
-3808                   111111111000100100000
-3157                   111111111001110101011
-1891                   111111111100010011101
587                   000000000001001001011
556                   000000000001000101100
-690                   111111111110101001110
556                   000000000001000101100
-215                   111111111111100101001
-215                   111111111111100101001
556                   000000000001000101100
-690                   111111111110101001110
556                   000000000001000101100
-215                   111111111111100101001
-215                   111111111111100101001
556                   000000000001000101100
-690                   111111111110101001110
556                   000000000001000101100
-215                   111111111111100101001
-215                   111111111111100101001
556                   000000000001000101100
-690                   111111111110101001110
556                   000000000001000101100
-215                   111111111111100101001
-215                   111111111111100101001
556                   000000000001000101100
-690                   111111111110101001110
556                   000000000001000101100
-215                   111111111111100101001
-215                   111111111111100101001
556                   000000000001000101100
-690                   111111111110101001110
556                   000000000001000101100
-215                   111111111111100101001
-215                   111111111111100101001
556                   000000000001000101100
-690                   111111111110101001110
556                   000000000001000101100
-215                   111111111111100101001
-215                   111111111111100101001
556                   000000000001000101100
-690                   111111111110101001110
556                   000000000001000101100
-215                   111111111111100101001
-215                   111111111111100101001
556                   000000000001000101100
-690                   111111111110101001110
556                   000000000001000101100
-215                   111111111111100101001
-215                   111111111111100101001
556                   000000000001000101100
-690                   111111111110101001110
556                   000000000001000101100
-215                   111111111111100101001
-215                   111111111111100101001
556                   000000000001000101100
-690                   111111111110101001110
556                   000000000001000101100
-215                   111111111111100101001
-215                   111111111111100101001
556                   000000000001000101100
-690                   111111111110101001110
556                   000000000001000101100
-215                   111111111111100101001
-215                   111111111111100101001
556                   000000000001000101100
-690                   111111111110101001110
556                   000000000001000101100
-215                   111111111111100101001
-215                   111111111111100101001
556                   000000000001000101100
-690                   111111111110101001110
556                   000000000001000101100
-215                   111111111111100101001
-215                   111111111111100101001
556                   000000000001000101100
-690                   111111111110101001110
556                   000000000001000101100
-215                   111111111111100101001
-215                   111111111111100101001
556                   000000000001000101100
-690                   111111111110101001110
556                   000000000001000101100
-215                   111111111111100101001
-215                   111111111111100101001
556                   000000000001000101100
-690                   111111111110101001110
556                   000000000001000101100
-215                   111111111111100101001
-215                   111111111111100101001
556                   000000000001000101100
-690                   111111111110101001110
556                   000000000001000101100
-215                   111111111111100101001
-215                   111111111111100101001
556                   000000000001000101100
-690                   111111111110101001110
556                   000000000001000101100
-215                   111111111111100101001
-215                   111111111111100101001
556                   000000000001000101100
-690                   111111111110101001110
556                   000000000001000101100
-215                   111111111111100101001
-215                   111111111111100101001
556                   000000000001000101100
-690                   111111111110101001110
556                   000000000001000101100
-215                   111111111111100101001
-215                   111111111111100101001
556                   000000000001000101100
-690                   111111111110101001110
556                   000000000001000101100
-215                   111111111111100101001
-215                   111111111111100101001
556                   000000000001000101100
-690                   111111111110101001110
556                   000000000001000101100
-215                   111111111111100101001
-215                   111111111111100101001
556                   000000000001000101100
-690                   111111111110101001110
556                   000000000001000101100
-215                   111111111111100101001
-215                   111111111111100101001
556                   000000000001000101100
-690                   111111111110101001110
556                   000000000001000101100
-215                   111111111111100101001
-215                   111111111111100101001
556                   000000000001000101100
-690                   111111111110101001110
556                   000000000001000101100
-215                   111111111111100101001
-215                   111111111111100101001
556                   000000000001000101100
-690                   111111111110101001110
556                   000000000001000101100
-215                   111111111111100101001
-215                   111111111111100101001
556                   000000000001000101100
-690                   111111111110101001110
556                   000000000001000101100
-215                   111111111111100101001
-215                   111111111111100101001
556                   000000000001000101100
-690                   111111111110101001110
556                   000000000001000101100
-215                   111111111111100101001
-215                   111111111111100101001
556                   000000000001000101100
-690                   111111111110101001110
556                   000000000001000101100
-215                   111111111111100101001
-215                   111111111111100101001
556                   000000000001000101100
-690                   111111111110101001110
556                   000000000001000101100
-215                   111111111111100101001
-215                   111111111111100101001
556                   000000000001000101100
-690                   111111111110101001110
556                   000000000001000101100
-215                   111111111111100101001
-215                   111111111111100101001
556                   000000000001000101100
-690                   111111111110101001110
556                   000000000001000101100
-215                   111111111111100101001
-215                   111111111111100101001
556                   000000000001000101100
-690                   111111111110101001110
556                   000000000001000101100
-215                   111111111111100101001
-215                   111111111111100101001
556                   000000000001000101100
-690                   111111111110101001110
556                   000000000001000101100
-215                   111111111111100101001
-215                   111111111111100101001
556                   000000000001000101100
-690                   111111111110101001110
556                   000000000001000101100
-215                   111111111111100101001
-215                   111111111111100101001
556                   000000000001000101100
-690                   111111111110101001110
556                   000000000001000101100
-215                   111111111111100101001
-215                   111111111111100101001
556                   000000000001000101100
-690                   111111111110101001110
556                   000000000001000101100
-215                   111111111111100101001
-215                   111111111111100101001
556                   000000000001000101100
-690                   111111111110101001110
556                   000000000001000101100
