0                   000000000000000000000
328                   000000000000101001000
4915                   000000001001100110011
10817                   000000010101001000001
13290                   000000011001111101010
10649                   000000010100110011001
5176                   000000001010000111000
-3                   111111111111111111101
-5182                   111111110101111000010
-9852                   111111101100110000100
-13560                   111111100101100001000
-15943                   111111100000110111001
-16760                   111111011111010001000
-15943                   111111100000110111001
-13560                   111111100101100001000
-9852                   111111101100110000100
-5182                   111111110101111000010
-3                   111111111111111111101
5176                   000000001010000111000
9847                   000000010011001110111
13555                   000000011010011110011
15936                   000000011111001000000
16754                   000000100000101110010
15936                   000000011111001000000
13555                   000000011010011110011
9847                   000000010011001110111
5176                   000000001010000111000
-3                   111111111111111111101
-5182                   111111110101111000010
-9852                   111111101100110000100
-13560                   111111100101100001000
-15943                   111111100000110111001
-16760                   111111011111010001000
-15943                   111111100000110111001
-13560                   111111100101100001000
-9852                   111111101100110000100
-5182                   111111110101111000010
-3                   111111111111111111101
5176                   000000001010000111000
9847                   000000010011001110111
13555                   000000011010011110011
15936                   000000011111001000000
16754                   000000100000101110010
15936                   000000011111001000000
13555                   000000011010011110011
9847                   000000010011001110111
5176                   000000001010000111000
-3                   111111111111111111101
-5182                   111111110101111000010
-9852                   111111101100110000100
-13560                   111111100101100001000
-15943                   111111100000110111001
-16760                   111111011111010001000
-15943                   111111100000110111001
-13560                   111111100101100001000
-9852                   111111101100110000100
-5182                   111111110101111000010
-3                   111111111111111111101
5176                   000000001010000111000
9847                   000000010011001110111
13555                   000000011010011110011
15936                   000000011111001000000
16754                   000000100000101110010
15936                   000000011111001000000
13555                   000000011010011110011
9847                   000000010011001110111
5176                   000000001010000111000
-3                   111111111111111111101
-5182                   111111110101111000010
-9852                   111111101100110000100
-13560                   111111100101100001000
-15943                   111111100000110111001
-16760                   111111011111010001000
-15943                   111111100000110111001
-13560                   111111100101100001000
-9852                   111111101100110000100
-5182                   111111110101111000010
-3                   111111111111111111101
5176                   000000001010000111000
9847                   000000010011001110111
13555                   000000011010011110011
15936                   000000011111001000000
16754                   000000100000101110010
15936                   000000011111001000000
13555                   000000011010011110011
9847                   000000010011001110111
5176                   000000001010000111000
-3                   111111111111111111101
-5182                   111111110101111000010
-9852                   111111101100110000100
-13560                   111111100101100001000
-15943                   111111100000110111001
-16760                   111111011111010001000
-15943                   111111100000110111001
-13560                   111111100101100001000
-9852                   111111101100110000100
-5182                   111111110101111000010
-3                   111111111111111111101
5176                   000000001010000111000
9847                   000000010011001110111
13555                   000000011010011110011
15936                   000000011111001000000
16754                   000000100000101110010
15936                   000000011111001000000
13555                   000000011010011110011
9847                   000000010011001110111
5176                   000000001010000111000
-3                   111111111111111111101
-5182                   111111110101111000010
-9852                   111111101100110000100
-13560                   111111100101100001000
-15943                   111111100000110111001
-16760                   111111011111010001000
-15943                   111111100000110111001
-13560                   111111100101100001000
-9852                   111111101100110000100
-5182                   111111110101111000010
-3                   111111111111111111101
5176                   000000001010000111000
9847                   000000010011001110111
13555                   000000011010011110011
15936                   000000011111001000000
16754                   000000100000101110010
15936                   000000011111001000000
13555                   000000011010011110011
9847                   000000010011001110111
5176                   000000001010000111000
-3                   111111111111111111101
-5182                   111111110101111000010
-9852                   111111101100110000100
-13560                   111111100101100001000
-15943                   111111100000110111001
-16760                   111111011111010001000
-15943                   111111100000110111001
-13560                   111111100101100001000
-9852                   111111101100110000100
-5182                   111111110101111000010
-3                   111111111111111111101
5176                   000000001010000111000
9847                   000000010011001110111
13555                   000000011010011110011
15936                   000000011111001000000
16754                   000000100000101110010
15936                   000000011111001000000
13555                   000000011010011110011
9847                   000000010011001110111
5176                   000000001010000111000
-3                   111111111111111111101
-5182                   111111110101111000010
-9852                   111111101100110000100
-13560                   111111100101100001000
-15943                   111111100000110111001
-16760                   111111011111010001000
-15943                   111111100000110111001
-13560                   111111100101100001000
-9852                   111111101100110000100
-5182                   111111110101111000010
-3                   111111111111111111101
5176                   000000001010000111000
9847                   000000010011001110111
13555                   000000011010011110011
15936                   000000011111001000000
16754                   000000100000101110010
15936                   000000011111001000000
13555                   000000011010011110011
9847                   000000010011001110111
5176                   000000001010000111000
-3                   111111111111111111101
-5182                   111111110101111000010
-9852                   111111101100110000100
-13560                   111111100101100001000
-15943                   111111100000110111001
-16760                   111111011111010001000
-15943                   111111100000110111001
-13560                   111111100101100001000
-9852                   111111101100110000100
-5182                   111111110101111000010
-3                   111111111111111111101
5176                   000000001010000111000
9847                   000000010011001110111
13555                   000000011010011110011
15936                   000000011111001000000
16754                   000000100000101110010
15936                   000000011111001000000
13555                   000000011010011110011
9847                   000000010011001110111
5176                   000000001010000111000
-3                   111111111111111111101
-5182                   111111110101111000010
-9852                   111111101100110000100
-13560                   111111100101100001000
-15943                   111111100000110111001
-16760                   111111011111010001000
-15943                   111111100000110111001
-13560                   111111100101100001000
-9852                   111111101100110000100
-5182                   111111110101111000010
-3                   111111111111111111101
5176                   000000001010000111000
