-0.012238295794421046
0.004047763789303318
0.07813577047163027
0.18069302933138823
0.23819112320751934
0.2185206887981492
0.15030348327856524
0.07901758281170126
0.0
-0.07901758281170125
-0.15030348327856524
-0.20688145997315718
-0.24320994318168268
-0.2557277543229119
-0.2432099431816827
-0.20688145997315718
-0.15030348327856524
-0.07901758281170126
0.0
0.07901758281170125
0.15030348327856524
0.20688145997315718
0.24320994318168268
0.2557277543229119
0.2432099431816827
0.20688145997315718
0.15030348327856524
0.07901758281170126
0.0
-0.07901758281170125
-0.15030348327856524
-0.20688145997315718
-0.24320994318168268
-0.2557277543229119
-0.2432099431816827
-0.20688145997315718
-0.15030348327856524
-0.07901758281170126
0.0
0.07901758281170125
0.15030348327856524
0.20688145997315718
0.24320994318168268
0.2557277543229119
0.2432099431816827
0.20688145997315718
0.15030348327856524
0.07901758281170126
0.0
-0.07901758281170125
-0.15030348327856524
-0.20688145997315718
-0.24320994318168268
-0.2557277543229119
-0.2432099431816827
-0.20688145997315718
-0.15030348327856524
-0.07901758281170126
0.0
0.07901758281170125
0.15030348327856524
0.20688145997315718
0.24320994318168268
0.2557277543229119
0.2432099431816827
0.20688145997315718
0.15030348327856524
0.07901758281170126
0.0
-0.07901758281170125
-0.15030348327856524
-0.20688145997315718
-0.24320994318168268
-0.2557277543229119
-0.2432099431816827
-0.20688145997315718
-0.15030348327856524
-0.07901758281170126
0.0
0.07901758281170125
0.15030348327856524
0.20688145997315718
0.24320994318168268
0.2557277543229119
0.2432099431816827
0.20688145997315718
0.15030348327856524
0.07901758281170126
0.0
-0.07901758281170125
-0.15030348327856524
-0.20688145997315718
-0.24320994318168268
-0.2557277543229119
-0.2432099431816827
-0.20688145997315718
-0.15030348327856524
-0.07901758281170126
0.0
0.07901758281170125
0.15030348327856524
0.20688145997315718
0.24320994318168268
0.2557277543229119
0.2432099431816827
0.20688145997315718
0.15030348327856524
0.07901758281170126
0.0
-0.07901758281170125
-0.15030348327856524
-0.20688145997315718
-0.24320994318168268
-0.2557277543229119
-0.2432099431816827
-0.20688145997315718
-0.15030348327856524
-0.07901758281170126
0.0
0.07901758281170125
0.15030348327856524
0.20688145997315718
0.24320994318168268
0.2557277543229119
0.2432099431816827
0.20688145997315718
0.15030348327856524
0.07901758281170126
0.0
-0.07901758281170125
-0.15030348327856524
-0.20688145997315718
-0.24320994318168268
-0.2557277543229119
-0.2432099431816827
-0.20688145997315718
-0.15030348327856524
-0.07901758281170126
0.0
0.07901758281170125
0.15030348327856524
0.20688145997315718
0.24320994318168268
0.2557277543229119
0.2432099431816827
0.20688145997315718
0.15030348327856524
0.07901758281170126
0.0
-0.07901758281170125
-0.15030348327856524
-0.20688145997315718
-0.24320994318168268
-0.2557277543229119
-0.2432099431816827
-0.20688145997315718
-0.15030348327856524
-0.07901758281170126
0.0
0.07901758281170125
0.15030348327856524
0.20688145997315718
0.24320994318168268
0.2557277543229119
0.2432099431816827
0.20688145997315718
0.15030348327856524
0.07901758281170126
0.0
-0.07901758281170125
-0.15030348327856524
-0.20688145997315718
-0.24320994318168268
-0.2557277543229119
-0.2432099431816827
-0.20688145997315718
-0.15030348327856524
-0.07901758281170126
0.0
0.07901758281170125
0.15030348327856524
0.20688145997315718
0.24320994318168268
0.2557277543229119
0.2432099431816827
0.20688145997315718
0.15030348327856524
0.07901758281170126
0.0
-0.07901758281170125
-0.15030348327856524
-0.20688145997315718
-0.24320994318168268
-0.2557277543229119
-0.2432099431816827
-0.20688145997315718
-0.15030348327856524
-0.07901758281170126
0.0
0.07901758281170125
