0                   000000000000000000000
-1080                   111111111101111001000
-3806                   111111111000100100010
-3154                   111111111001110101110
-1891                   111111111100010011101
588                   000000000001001001100
558                   000000000001000101110
-689                   111111111110101001111
558                   000000000001000101110
-214                   111111111111100101010
-214                   111111111111100101010
558                   000000000001000101110
-689                   111111111110101001111
558                   000000000001000101110
-214                   111111111111100101010
-214                   111111111111100101010
558                   000000000001000101110
-689                   111111111110101001111
558                   000000000001000101110
-214                   111111111111100101010
-214                   111111111111100101010
558                   000000000001000101110
-689                   111111111110101001111
558                   000000000001000101110
-214                   111111111111100101010
-214                   111111111111100101010
558                   000000000001000101110
-689                   111111111110101001111
558                   000000000001000101110
-214                   111111111111100101010
-214                   111111111111100101010
558                   000000000001000101110
-689                   111111111110101001111
558                   000000000001000101110
-214                   111111111111100101010
-214                   111111111111100101010
558                   000000000001000101110
-689                   111111111110101001111
558                   000000000001000101110
-214                   111111111111100101010
-214                   111111111111100101010
558                   000000000001000101110
-689                   111111111110101001111
558                   000000000001000101110
-214                   111111111111100101010
-214                   111111111111100101010
558                   000000000001000101110
-689                   111111111110101001111
558                   000000000001000101110
-214                   111111111111100101010
-214                   111111111111100101010
558                   000000000001000101110
-689                   111111111110101001111
558                   000000000001000101110
-214                   111111111111100101010
-214                   111111111111100101010
558                   000000000001000101110
-689                   111111111110101001111
558                   000000000001000101110
-214                   111111111111100101010
-214                   111111111111100101010
558                   000000000001000101110
-689                   111111111110101001111
558                   000000000001000101110
-214                   111111111111100101010
-214                   111111111111100101010
558                   000000000001000101110
-689                   111111111110101001111
558                   000000000001000101110
-214                   111111111111100101010
-214                   111111111111100101010
558                   000000000001000101110
-689                   111111111110101001111
558                   000000000001000101110
-214                   111111111111100101010
-214                   111111111111100101010
558                   000000000001000101110
-689                   111111111110101001111
558                   000000000001000101110
-214                   111111111111100101010
-214                   111111111111100101010
558                   000000000001000101110
-689                   111111111110101001111
558                   000000000001000101110
-214                   111111111111100101010
-214                   111111111111100101010
558                   000000000001000101110
-689                   111111111110101001111
558                   000000000001000101110
-214                   111111111111100101010
-214                   111111111111100101010
558                   000000000001000101110
-689                   111111111110101001111
558                   000000000001000101110
-214                   111111111111100101010
-214                   111111111111100101010
558                   000000000001000101110
-689                   111111111110101001111
558                   000000000001000101110
-214                   111111111111100101010
-214                   111111111111100101010
558                   000000000001000101110
-689                   111111111110101001111
558                   000000000001000101110
-214                   111111111111100101010
-214                   111111111111100101010
558                   000000000001000101110
-689                   111111111110101001111
558                   000000000001000101110
-214                   111111111111100101010
-214                   111111111111100101010
558                   000000000001000101110
-689                   111111111110101001111
558                   000000000001000101110
-214                   111111111111100101010
-214                   111111111111100101010
558                   000000000001000101110
-689                   111111111110101001111
558                   000000000001000101110
-214                   111111111111100101010
-214                   111111111111100101010
558                   000000000001000101110
-689                   111111111110101001111
558                   000000000001000101110
-214                   111111111111100101010
-214                   111111111111100101010
558                   000000000001000101110
-689                   111111111110101001111
558                   000000000001000101110
-214                   111111111111100101010
-214                   111111111111100101010
558                   000000000001000101110
-689                   111111111110101001111
558                   000000000001000101110
-214                   111111111111100101010
-214                   111111111111100101010
558                   000000000001000101110
-689                   111111111110101001111
558                   000000000001000101110
-214                   111111111111100101010
-214                   111111111111100101010
558                   000000000001000101110
-689                   111111111110101001111
558                   000000000001000101110
-214                   111111111111100101010
-214                   111111111111100101010
558                   000000000001000101110
-689                   111111111110101001111
558                   000000000001000101110
-214                   111111111111100101010
-214                   111111111111100101010
558                   000000000001000101110
-689                   111111111110101001111
558                   000000000001000101110
-214                   111111111111100101010
-214                   111111111111100101010
558                   000000000001000101110
-689                   111111111110101001111
558                   000000000001000101110
-214                   111111111111100101010
-214                   111111111111100101010
558                   000000000001000101110
-689                   111111111110101001111
558                   000000000001000101110
-214                   111111111111100101010
-214                   111111111111100101010
558                   000000000001000101110
-689                   111111111110101001111
558                   000000000001000101110
-214                   111111111111100101010
-214                   111111111111100101010
558                   000000000001000101110
-689                   111111111110101001111
558                   000000000001000101110
-214                   111111111111100101010
-214                   111111111111100101010
558                   000000000001000101110
-689                   111111111110101001111
558                   000000000001000101110
-214                   111111111111100101010
-214                   111111111111100101010
558                   000000000001000101110
-689                   111111111110101001111
558                   000000000001000101110
-214                   111111111111100101010
-214                   111111111111100101010
558                   000000000001000101110
-689                   111111111110101001111
558                   000000000001000101110
-214                   111111111111100101010
-214                   111111111111100101010
558                   000000000001000101110
-689                   111111111110101001111
558                   000000000001000101110
-214                   111111111111100101010
-214                   111111111111100101010
558                   000000000001000101110
-689                   111111111110101001111
558                   000000000001000101110
