-0.012238295794421046
0.025587283902091727
0.056645658174393806
0.04757512815631819
0.024980766828670065
-0.013155741779779342
-0.003255450491982923
0.008509474505596987
-0.010508048027228115
0.008509474505596986
-0.003255450491982918
-0.003255450491982923
0.008509474505596987
-0.010508048027228115
0.008509474505596986
-0.003255450491982918
-0.003255450491982923
0.008509474505596987
-0.010508048027228115
0.008509474505596986
-0.003255450491982918
-0.003255450491982923
0.008509474505596987
-0.010508048027228115
0.008509474505596986
-0.003255450491982918
-0.003255450491982923
0.008509474505596987
-0.010508048027228115
0.008509474505596986
-0.003255450491982918
-0.003255450491982923
0.008509474505596987
-0.010508048027228115
0.008509474505596986
-0.003255450491982918
-0.003255450491982923
0.008509474505596987
-0.010508048027228115
0.008509474505596986
-0.003255450491982918
-0.003255450491982923
0.008509474505596987
-0.010508048027228115
0.008509474505596986
-0.003255450491982918
-0.003255450491982923
0.008509474505596987
-0.010508048027228115
0.008509474505596986
-0.003255450491982918
-0.003255450491982923
0.008509474505596987
-0.010508048027228115
0.008509474505596986
-0.003255450491982918
-0.003255450491982923
0.008509474505596987
-0.010508048027228115
0.008509474505596986
-0.003255450491982918
-0.003255450491982923
0.008509474505596987
-0.010508048027228115
0.008509474505596986
-0.003255450491982918
-0.003255450491982923
0.008509474505596987
-0.010508048027228115
0.008509474505596986
-0.003255450491982918
-0.003255450491982923
0.008509474505596987
-0.010508048027228115
0.008509474505596986
-0.003255450491982918
-0.003255450491982923
0.008509474505596987
-0.010508048027228115
0.008509474505596986
-0.003255450491982918
-0.003255450491982923
0.008509474505596987
-0.010508048027228115
0.008509474505596986
-0.003255450491982918
-0.003255450491982923
0.008509474505596987
-0.010508048027228115
0.008509474505596986
-0.003255450491982918
-0.003255450491982923
0.008509474505596987
-0.010508048027228115
0.008509474505596986
-0.003255450491982918
-0.003255450491982923
0.008509474505596987
-0.010508048027228115
0.008509474505596986
-0.003255450491982918
-0.003255450491982923
0.008509474505596987
-0.010508048027228115
0.008509474505596986
-0.003255450491982918
-0.003255450491982923
0.008509474505596987
-0.010508048027228115
0.008509474505596986
-0.003255450491982918
-0.003255450491982923
0.008509474505596987
-0.010508048027228115
0.008509474505596986
-0.003255450491982918
-0.003255450491982923
0.008509474505596987
-0.010508048027228115
0.008509474505596986
-0.003255450491982918
-0.003255450491982923
0.008509474505596987
-0.010508048027228115
0.008509474505596986
-0.003255450491982918
-0.003255450491982923
0.008509474505596987
-0.010508048027228115
0.008509474505596986
-0.003255450491982918
-0.003255450491982923
0.008509474505596987
-0.010508048027228115
0.008509474505596986
-0.003255450491982918
-0.003255450491982923
0.008509474505596987
-0.010508048027228115
0.008509474505596986
-0.003255450491982918
-0.003255450491982923
0.008509474505596987
-0.010508048027228115
0.008509474505596986
-0.003255450491982918
-0.003255450491982923
0.008509474505596987
-0.010508048027228115
0.008509474505596986
-0.003255450491982918
-0.003255450491982923
0.008509474505596987
-0.010508048027228115
0.008509474505596986
-0.003255450491982918
-0.003255450491982923
0.008509474505596987
-0.010508048027228115
0.008509474505596986
-0.003255450491982918
-0.003255450491982923
0.008509474505596987
-0.010508048027228115
0.008509474505596986
-0.003255450491982918
-0.003255450491982923
0.008509474505596987
-0.010508048027228115
0.008509474505596986
-0.003255450491982918
-0.003255450491982923
0.008509474505596987
-0.010508048027228115
0.008509474505596986
-0.003255450491982918
-0.003255450491982923
0.008509474505596987
-0.010508048027228115
0.008509474505596986
-0.003255450491982918
-0.003255450491982923
0.008509474505596987
-0.010508048027228115
0.008509474505596986
-0.003255450491982918
-0.003255450491982923
0.008509474505596987
-0.010508048027228115
0.008509474505596986
-0.003255450491982918
-0.003255450491982923
0.008509474505596987
-0.010508048027228115
0.008509474505596986
-0.003255450491982918
-0.003255450491982923
0.008509474505596987
-0.010508048027228115
0.008509474505596986
