-16                        1111111111110000
0                        0000000000000000
60                        0000000000111100
30                        0000000000011110
-34                        1111111111011110
-10                        1111111111110110
50                        0000000000110010
22                        0000000000010110
-41                        1111111111010111
-16                        1111111111110000
45                        0000000000101101
18                        0000000000010010
-44                        1111111111010100
-18                        1111111111101110
44                        0000000000101100
17                        0000000000010001
-45                        1111111111010011
-19                        1111111111101101
42                        0000000000101010
16                        0000000000010000
-46                        1111111111010010
-19                        1111111111101101
42                        0000000000101010
16                        0000000000010000
-46                        1111111111010010
-19                        1111111111101101
42                        0000000000101010
16                        0000000000010000
-46                        1111111111010010
-19                        1111111111101101
42                        0000000000101010
16                        0000000000010000
-46                        1111111111010010
-19                        1111111111101101
42                        0000000000101010
16                        0000000000010000
-46                        1111111111010010
-19                        1111111111101101
42                        0000000000101010
16                        0000000000010000
-46                        1111111111010010
-19                        1111111111101101
42                        0000000000101010
16                        0000000000010000
-46                        1111111111010010
-19                        1111111111101101
42                        0000000000101010
16                        0000000000010000
-46                        1111111111010010
-19                        1111111111101101
42                        0000000000101010
16                        0000000000010000
-46                        1111111111010010
-19                        1111111111101101
42                        0000000000101010
16                        0000000000010000
-46                        1111111111010010
-19                        1111111111101101
42                        0000000000101010
16                        0000000000010000
-46                        1111111111010010
-19                        1111111111101101
42                        0000000000101010
16                        0000000000010000
-46                        1111111111010010
-19                        1111111111101101
42                        0000000000101010
16                        0000000000010000
-46                        1111111111010010
-19                        1111111111101101
42                        0000000000101010
16                        0000000000010000
-46                        1111111111010010
-19                        1111111111101101
42                        0000000000101010
16                        0000000000010000
-46                        1111111111010010
-19                        1111111111101101
42                        0000000000101010
16                        0000000000010000
-46                        1111111111010010
-19                        1111111111101101
42                        0000000000101010
16                        0000000000010000
-46                        1111111111010010
-19                        1111111111101101
42                        0000000000101010
16                        0000000000010000
-46                        1111111111010010
-19                        1111111111101101
42                        0000000000101010
16                        0000000000010000
-46                        1111111111010010
-19                        1111111111101101
42                        0000000000101010
16                        0000000000010000
-46                        1111111111010010
-19                        1111111111101101
42                        0000000000101010
16                        0000000000010000
-46                        1111111111010010
-19                        1111111111101101
42                        0000000000101010
16                        0000000000010000
-46                        1111111111010010
-19                        1111111111101101
42                        0000000000101010
16                        0000000000010000
-46                        1111111111010010
-19                        1111111111101101
42                        0000000000101010
16                        0000000000010000
-46                        1111111111010010
-19                        1111111111101101
42                        0000000000101010
16                        0000000000010000
-46                        1111111111010010
-19                        1111111111101101
42                        0000000000101010
16                        0000000000010000
-46                        1111111111010010
-19                        1111111111101101
42                        0000000000101010
16                        0000000000010000
-46                        1111111111010010
-19                        1111111111101101
42                        0000000000101010
16                        0000000000010000
-46                        1111111111010010
-19                        1111111111101101
42                        0000000000101010
16                        0000000000010000
-46                        1111111111010010
-19                        1111111111101101
42                        0000000000101010
16                        0000000000010000
-46                        1111111111010010
-19                        1111111111101101
42                        0000000000101010
16                        0000000000010000
-46                        1111111111010010
-19                        1111111111101101
42                        0000000000101010
16                        0000000000010000
-46                        1111111111010010
-19                        1111111111101101
42                        0000000000101010
16                        0000000000010000
-46                        1111111111010010
-19                        1111111111101101
42                        0000000000101010
16                        0000000000010000
-46                        1111111111010010
-19                        1111111111101101
42                        0000000000101010
16                        0000000000010000
-46                        1111111111010010
-19                        1111111111101101
42                        0000000000101010
16                        0000000000010000
-46                        1111111111010010
-19                        1111111111101101
42                        0000000000101010
16                        0000000000010000
-46                        1111111111010010
-19                        1111111111101101
42                        0000000000101010
16                        0000000000010000
-46                        1111111111010010
-19                        1111111111101101
42                        0000000000101010
16                        0000000000010000
-46                        1111111111010010
-19                        1111111111101101
42                        0000000000101010
16                        0000000000010000
-46                        1111111111010010
-19                        1111111111101101
42                        0000000000101010
16                        0000000000010000
-46                        1111111111010010
-19                        1111111111101101
42                        0000000000101010
16                        0000000000010000
-46                        1111111111010010
-19                        1111111111101101
42                        0000000000101010
16                        0000000000010000
-46                        1111111111010010
-19                        1111111111101101
42                        0000000000101010
16                        0000000000010000
-46                        1111111111010010
-19                        1111111111101101
42                        0000000000101010
16                        0000000000010000
-46                        1111111111010010
-19                        1111111111101101
42                        0000000000101010
