0
2
4
5
7
9
11
13
15
17
18
20
21
23
24
25
27
28
28
29
30
30
31
31
31
32
31
31
31
30
30
29
28
28
27
25
24
23
21
20
18
17
15
13
11
9
7
5
4
2
0
-2
-4
-5
-7
-9
-11
-13
-15
-17
-18
-20
-21
-23
-24
-25
-27
-28
-28
-29
-30
-30
-31
-31
-31
-32
-31
-31
-31
-30
-30
-29
-28
-28
-27
-25
-24
-23
-21
-20
-18
-17
-15
-13
-11
-9
-7
-5
-4
-2
0
2
4
5
7
9
11
13
15
17
18
20
21
23
24
25
27
28
28
29
30
30
31
31
31
32
31
31
31
30
30
29
28
28
27
25
24
23
21
20
18
17
15
13
11
9
7
5
4
2
0
-2
-4
-5
-7
-9
-11
-13
-15
-17
-18
-20
-21
-23
-24
-25
-27
-28
-28
-29
-30
-30
-31
-31
-31
-32
-31
-31
-31
-30
-30
-29
-28
-28
-27
-25
-24
-23
-21
-20
-18
-17
-15
-13
-11
-9
-7
-5
-4
-2
