-48                        1111111111010000
80                        0000000001010000
-36                        1111111111011100
66                        0000000001000010
-40                        1111111111011000
60                        0000000000111100
-44                        1111111111010100
57                        0000000000111001
-47                        1111111111010001
54                        0000000000110110
-49                        1111111111001111
52                        0000000000110100
-51                        1111111111001101
51                        0000000000110011
-52                        1111111111001100
50                        0000000000110010
-52                        1111111111001100
50                        0000000000110010
-52                        1111111111001100
50                        0000000000110010
-52                        1111111111001100
50                        0000000000110010
-52                        1111111111001100
50                        0000000000110010
-52                        1111111111001100
50                        0000000000110010
-52                        1111111111001100
50                        0000000000110010
-52                        1111111111001100
50                        0000000000110010
-52                        1111111111001100
50                        0000000000110010
-52                        1111111111001100
50                        0000000000110010
-52                        1111111111001100
50                        0000000000110010
-52                        1111111111001100
50                        0000000000110010
-52                        1111111111001100
50                        0000000000110010
-52                        1111111111001100
50                        0000000000110010
-52                        1111111111001100
50                        0000000000110010
-52                        1111111111001100
50                        0000000000110010
-52                        1111111111001100
50                        0000000000110010
-52                        1111111111001100
50                        0000000000110010
-52                        1111111111001100
50                        0000000000110010
-52                        1111111111001100
50                        0000000000110010
-52                        1111111111001100
50                        0000000000110010
-52                        1111111111001100
50                        0000000000110010
-52                        1111111111001100
50                        0000000000110010
-52                        1111111111001100
50                        0000000000110010
-52                        1111111111001100
50                        0000000000110010
-52                        1111111111001100
50                        0000000000110010
-52                        1111111111001100
50                        0000000000110010
-52                        1111111111001100
50                        0000000000110010
-52                        1111111111001100
50                        0000000000110010
-52                        1111111111001100
50                        0000000000110010
-52                        1111111111001100
50                        0000000000110010
-52                        1111111111001100
50                        0000000000110010
-52                        1111111111001100
50                        0000000000110010
-52                        1111111111001100
50                        0000000000110010
-52                        1111111111001100
50                        0000000000110010
-52                        1111111111001100
50                        0000000000110010
-52                        1111111111001100
50                        0000000000110010
-52                        1111111111001100
50                        0000000000110010
-52                        1111111111001100
50                        0000000000110010
-52                        1111111111001100
50                        0000000000110010
-52                        1111111111001100
50                        0000000000110010
-52                        1111111111001100
50                        0000000000110010
-52                        1111111111001100
50                        0000000000110010
-52                        1111111111001100
50                        0000000000110010
-52                        1111111111001100
50                        0000000000110010
-52                        1111111111001100
50                        0000000000110010
-52                        1111111111001100
50                        0000000000110010
-52                        1111111111001100
50                        0000000000110010
-52                        1111111111001100
50                        0000000000110010
-52                        1111111111001100
50                        0000000000110010
-52                        1111111111001100
50                        0000000000110010
-52                        1111111111001100
50                        0000000000110010
-52                        1111111111001100
50                        0000000000110010
-52                        1111111111001100
50                        0000000000110010
-52                        1111111111001100
50                        0000000000110010
-52                        1111111111001100
50                        0000000000110010
-52                        1111111111001100
50                        0000000000110010
-52                        1111111111001100
50                        0000000000110010
-52                        1111111111001100
50                        0000000000110010
-52                        1111111111001100
50                        0000000000110010
-52                        1111111111001100
50                        0000000000110010
-52                        1111111111001100
50                        0000000000110010
-52                        1111111111001100
50                        0000000000110010
-52                        1111111111001100
50                        0000000000110010
-52                        1111111111001100
50                        0000000000110010
-52                        1111111111001100
50                        0000000000110010
-52                        1111111111001100
50                        0000000000110010
-52                        1111111111001100
50                        0000000000110010
-52                        1111111111001100
50                        0000000000110010
-52                        1111111111001100
50                        0000000000110010
-52                        1111111111001100
50                        0000000000110010
-52                        1111111111001100
50                        0000000000110010
-52                        1111111111001100
50                        0000000000110010
-52                        1111111111001100
50                        0000000000110010
-52                        1111111111001100
50                        0000000000110010
-52                        1111111111001100
50                        0000000000110010
-52                        1111111111001100
50                        0000000000110010
-52                        1111111111001100
50                        0000000000110010
-52                        1111111111001100
50                        0000000000110010
-52                        1111111111001100
50                        0000000000110010
-52                        1111111111001100
50                        0000000000110010
-52                        1111111111001100
50                        0000000000110010
-52                        1111111111001100
50                        0000000000110010
-52                        1111111111001100
50                        0000000000110010
-52                        1111111111001100
50                        0000000000110010
-52                        1111111111001100
50                        0000000000110010
-52                        1111111111001100
50                        0000000000110010
-52                        1111111111001100
50                        0000000000110010
-52                        1111111111001100
50                        0000000000110010
-52                        1111111111001100
50                        0000000000110010
-52                        1111111111001100
50                        0000000000110010
-52                        1111111111001100
50                        0000000000110010
-52                        1111111111001100
