16                        0000000000010000
48                        0000000000110000
92                        0000000001011100
122                        0000000001111010
148                        0000000010010100
168                        0000000010101000
185                        0000000010111001
198                        0000000011000110
209                        0000000011010001
217                        0000000011011001
224                        0000000011100000
230                        0000000011100110
235                        0000000011101011
238                        0000000011101110
241                        0000000011110001
243                        0000000011110011
245                        0000000011110101
246                        0000000011110110
248                        0000000011111000
249                        0000000011111001
250                        0000000011111010
251                        0000000011111011
251                        0000000011111011
251                        0000000011111011
251                        0000000011111011
251                        0000000011111011
251                        0000000011111011
251                        0000000011111011
251                        0000000011111011
251                        0000000011111011
251                        0000000011111011
251                        0000000011111011
251                        0000000011111011
251                        0000000011111011
251                        0000000011111011
251                        0000000011111011
251                        0000000011111011
251                        0000000011111011
251                        0000000011111011
251                        0000000011111011
251                        0000000011111011
251                        0000000011111011
251                        0000000011111011
251                        0000000011111011
251                        0000000011111011
251                        0000000011111011
251                        0000000011111011
251                        0000000011111011
251                        0000000011111011
251                        0000000011111011
251                        0000000011111011
251                        0000000011111011
251                        0000000011111011
251                        0000000011111011
251                        0000000011111011
251                        0000000011111011
251                        0000000011111011
251                        0000000011111011
251                        0000000011111011
251                        0000000011111011
251                        0000000011111011
251                        0000000011111011
251                        0000000011111011
251                        0000000011111011
251                        0000000011111011
251                        0000000011111011
251                        0000000011111011
251                        0000000011111011
251                        0000000011111011
251                        0000000011111011
251                        0000000011111011
251                        0000000011111011
251                        0000000011111011
251                        0000000011111011
251                        0000000011111011
251                        0000000011111011
251                        0000000011111011
251                        0000000011111011
251                        0000000011111011
251                        0000000011111011
251                        0000000011111011
251                        0000000011111011
251                        0000000011111011
251                        0000000011111011
251                        0000000011111011
251                        0000000011111011
251                        0000000011111011
251                        0000000011111011
251                        0000000011111011
251                        0000000011111011
251                        0000000011111011
251                        0000000011111011
251                        0000000011111011
251                        0000000011111011
251                        0000000011111011
251                        0000000011111011
251                        0000000011111011
251                        0000000011111011
251                        0000000011111011
251                        0000000011111011
251                        0000000011111011
251                        0000000011111011
251                        0000000011111011
251                        0000000011111011
251                        0000000011111011
251                        0000000011111011
251                        0000000011111011
251                        0000000011111011
251                        0000000011111011
251                        0000000011111011
251                        0000000011111011
251                        0000000011111011
251                        0000000011111011
251                        0000000011111011
251                        0000000011111011
251                        0000000011111011
251                        0000000011111011
251                        0000000011111011
251                        0000000011111011
251                        0000000011111011
251                        0000000011111011
251                        0000000011111011
251                        0000000011111011
251                        0000000011111011
251                        0000000011111011
251                        0000000011111011
251                        0000000011111011
251                        0000000011111011
251                        0000000011111011
251                        0000000011111011
251                        0000000011111011
251                        0000000011111011
251                        0000000011111011
251                        0000000011111011
251                        0000000011111011
251                        0000000011111011
251                        0000000011111011
251                        0000000011111011
251                        0000000011111011
251                        0000000011111011
251                        0000000011111011
251                        0000000011111011
251                        0000000011111011
251                        0000000011111011
251                        0000000011111011
251                        0000000011111011
