0.25
-0.375
0.625
-0.28125
0.515625
-0.3125
0.47265625
-0.341796875
0.447265625
-0.36181640625
0.430908203125
-0.375
0.42022705078125
-0.383636474609375
0.413238525390625
-0.38928985595703125
0.4086647033691406
-0.3929901123046875
0.4056711196899414
-0.39541196823120117
0.40371179580688477
-0.3969970941543579
0.40242940187454224
-0.39803457260131836
0.4015900641679764
-0.3987136110663414
0.4010407105088234
-0.39915804751217365
0.400681153871119
-0.3994489349424839
0.4004458209965378
-0.3996393232373521
0.4002917936304584
-0.3997639339941088
0.4001909814105602
-0.3998454927932471
0.4001249989560165
-0.3998988737203035
0.40008181287885236
-0.3999338119906497
0.40005354722438824
-0.3999566793854683
0.4000350471133629
-0.3999716462896856
0.4000229386334979
-0.39998144225567245
0.40001501353053825
-0.399987853798649
0.40000982648331007
-0.3999920502080072
0.4000064315168239
-0.39999479679358985
0.40000420948241106
-0.39999659445719193
0.4000027551420068
-0.3999977710432946
0.4000018032638544
-0.39999854112889643
0.4000011802515154
-0.39999904515646645
0.4000007724846456
-0.3999993750467938
0.40000050559776446
-0.39999959096281623
0.400000330918033
-0.39999973228168756
0.40000021658866447
-0.39999982477608964
0.4000001417591213
-0.39999988531446173
0.40000009278254944
-0.3999999249373407
0.40000006072696703
-0.39999995087085166
0.4000000397463159
-0.39999996784455494
0.4000000260143015
-0.399999978953988
0.4000000170265814
-0.39999998622520627
0.4000000111440422
-0.3999999909842804
0.40000000729387036
-0.3999999940991349
0.40000000477390013
-0.39999999613783366
0.4000000031245582
-0.39999999747217935
0.40000000204504993
-0.39999999834551986
0.40000000133850255
-0.3999999989171287
0.4000000008760613
-0.3999999992912515
0.4000000005733896
-0.3999999995361181
0.4000000003752884
-0.39999999969638533
0.40000000024562943
-0.39999999980128165
0.40000000016076653
-0.3999999998699371
0.4000000001052231
-0.39999999991487273
0.4000000000688694
-0.3999999999442835
0.4000000000450756
-0.3999999999635331
0.40000000002950237
-0.3999999999761321
0.4000000000193095
-0.3999999999843783
0.40000000001263825
-0.3999999999897754
0.40000000000827185
-0.39999999999330793
0.400000000005414
-0.39999999999561997
0.4000000000035435
-0.3999999999971332
0.4000000000023193
-0.3999999999981237
0.40000000000151803
-0.3999999999987719
0.40000000000099356
-0.3999999999991962
0.4000000000006503
-0.3999999999994739
0.4000000000004256
-0.39999999999965563
0.4000000000002786
-0.39999999999977465
0.4000000000001823
-0.39999999999985253
0.40000000000011937
-0.39999999999990343
0.4000000000000781
-0.39999999999993685
0.4000000000000511
-0.39999999999995867
0.40000000000003344
-0.39999999999997293
0.4000000000000219
-0.39999999999998226
0.40000000000001434
-0.39999999999998836
0.4000000000000094
-0.39999999999999236
0.4000000000000062
-0.399999999999995
0.400000000000004
-0.39999999999999675
0.4000000000000026
-0.3999999999999979
0.4000000000000017
-0.39999999999999863
0.40000000000000113
-0.3999999999999991
0.4000000000000008
-0.39999999999999936
0.4000000000000005
-0.3999999999999996
0.40000000000000036
-0.3999999999999997
0.40000000000000024
-0.3999999999999998
0.4000000000000002
-0.3999999999999999
0.4000000000000001
-0.3999999999999999
0.4000000000000001
-0.3999999999999999
0.4000000000000001
-0.3999999999999999
0.4000000000000001
-0.3999999999999999
0.4000000000000001
-0.3999999999999999
0.4000000000000001
-0.3999999999999999
0.4000000000000001
-0.3999999999999999
0.4000000000000001
-0.3999999999999999
0.4000000000000001
-0.3999999999999999
0.4000000000000001
-0.3999999999999999
0.4000000000000001
-0.3999999999999999
0.4000000000000001
-0.3999999999999999
0.4000000000000001
-0.3999999999999999
0.4000000000000001
-0.3999999999999999
0.4000000000000001
-0.3999999999999999
0.4000000000000001
-0.3999999999999999
