0.25
-0.125
0.0
0.46875
0.234375
-0.265625
-0.07421875
0.396484375
0.1796875
-0.31103515625
-0.110595703125
0.366943359375
0.15582275390625
-0.330352783203125
-0.126220703125
0.35430145263671875
0.14559555053710938
-0.3386268615722656
-0.13291454315185547
0.34888601303100586
0.14121437072753906
-0.342171311378479
-0.13578206300735474
0.3465661406517029
0.13933755457401276
-0.3436896875500679
-0.13701045513153076
0.34557235054671764
0.13853356149047613
-0.3443401316180825
-0.13753667543642223
0.34514662937726825
0.13818914582952857
-0.34461876974091865
-0.13776209841307718
0.34496425835823175
0.13804160457584658
-0.3447381331225188
-0.13785866541729774
0.34488613401072143
0.13797840065103628
-0.3447892661718015
-0.13790003292314168
0.3448526669954788
0.13795132526695397
-0.3448111706176533
-0.13791775399208817
0.3448383303495426
0.13793972667674925
-0.3448205540742397
-0.13792534536793255
0.3448321887974738
0.13793475805675376
-0.3448245737722546
-0.13792859737193885
0.3448295578709669
0.13793262959249875
-0.34482629573600887
-0.13792999046987975
0.3448284308310579
0.13793171779805904
-0.34482703339320603
-0.13793058724708826
0.34482794802815436
0.13793132720230514
-0.3448273493918088
-0.13793084289532814
0.34482774120438375
0.13793115987835985
-0.34482748475972413
-0.1379309524102721
0.3448276526049329
0.13793108819989844
-0.34482754274881755
-0.13793099932443414
0.34482761465057854
0.13793105749418072
-0.344827567590265
-0.1379310194215873
0.3448275983916401
0.13793104434042325
-0.3448275782318783
-0.13793102803083332
0.34482759142661373
0.13793103870559856
-0.3448275827905473
-0.13793103171887403
0.34482758844292616
0.13793103629174458
-0.34482758474339614
-0.13793103329876194
0.34482758716477
0.1379310352576945
-0.3448275855799602
-0.13793103397555645
0.3448275866172318
0.1379310348147268
-0.3448275859383287
-0.13793103426548267
0.34482758638267647
0.13793103462496756
-0.3448275860918471
-0.13793103438968166
0.3448275862821974
0.1379310345436783
-0.3448275861576115
-0.13793103444288615
0.34482758623915405
0.1379310345088555
-0.34482758618578374
-0.13793103446567798
0.3448275862207151
0.13793103449393807
-0.3448275861978522
-0.1379310344754416
0.3448275862128161
0.13793103448754765
-0.3448275862030222
-0.13793103447962415
0.3448275862094324
0.13793103448481017
-0.34482758620523685
-0.1379310344814159
0.3448275862079829
0.13793103448363744
-0.3448275862061856
-0.1379310344821834
0.34482758620736187
0.1379310344831351
-0.34482758620659204
-0.13793103448251226
0.34482758620709586
0.13793103448291988
-0.3448275862067661
-0.1379310344826531
0.3448275862069819
0.13793103448282765
-0.34482758620684073
-0.13793103448271343
0.3448275862069331
0.1379310344827882
-0.3448275862068726
-0.13793103448273925
0.34482758620691223
0.13793103448277128
-0.34482758620688625
-0.1379310344827503
0.34482758620690335
0.13793103448276411
-0.3448275862068921
-0.13793103448275498
0.34482758620689946
0.137931034482761
-0.34482758620689463
-0.13793103448275704
0.34482758620689785
0.13793103448275965
-0.3448275862068957
-0.13793103448275795
0.34482758620689713
0.13793103448275906
-0.34482758620689613
-0.13793103448275829
0.3448275862068968
0.13793103448275884
-0.34482758620689635
-0.13793103448275845
0.3448275862068967
0.13793103448275873
-0.34482758620689646
-0.13793103448275856
0.34482758620689663
0.1379310344827587
-0.3448275862068965
-0.1379310344827586
0.3448275862068966
0.13793103448275862
-0.3448275862068966
-0.13793103448275862
0.3448275862068966
0.13793103448275862
-0.3448275862068966
-0.13793103448275862
0.3448275862068966
0.13793103448275862
-0.3448275862068966
-0.13793103448275862
0.3448275862068966
0.13793103448275862
-0.3448275862068966
-0.13793103448275862
0.3448275862068966
0.13793103448275862
-0.3448275862068966
-0.13793103448275862
0.3448275862068966
0.13793103448275862
-0.3448275862068966
-0.13793103448275862
0.3448275862068966
